sizes (1275, 1650) (1275, 1650)
o4 frames 19
  0 (770, 642, 242, 358)
  1 (772, 402, 240, 360)
  2 (770, 998, 242, 355)
  3 (47, 756, 225, 355)
  4 (46, 995, 225, 355)
  5 (62, 400, 210, 360)
  6 (424, 345, 243, 242)
  7 (421, 1197, 242, 242)
  8 (462, 822, 93, 378)
  9 (1126, 1088, 87, 401)
  10 (1127, 834, 86, 401)
  11 (1128, 580, 85, 401)
a5 frames 19
  0 (1010, 996, 215, 385)
  1 (1007, 757, 214, 386)
  2 (265, 768, 200, 370)
  3 (1007, 404, 204, 355)
  4 (255, 415, 204, 354)
  5 (268, 1137, 247, 254)
  6 (603, 1217, 244, 240)
  7 (611, 353, 241, 240)
  8 (55, 844, 102, 401)
  9 (52, 589, 101, 401)
  10 (59, 1096, 101, 401)
  11 (51, 337, 99, 401)
selected ojos (772, 402, 240, 360) ola (47, 756, 225, 355) abeja (265, 768, 200, 370)
ojos (228, 347)
ola (213, 343)
abeja (188, 358)
done
