o4 (1275, 1650) a5 (1275, 1650)
ola 0 (140, 980, 400, 1280) (260, 300)
ola 1 (150, 1000, 390, 1260) (240, 260)
ola 2 (160, 1020, 380, 1250) (220, 230)
ola 3 (170, 1030, 370, 1240) (200, 210)
ola 4 (145, 1010, 385, 1270) (240, 260)
ola 5 (200, 1050, 360, 1230) (160, 180)
abeja 0 (140, 700, 420, 1000) (280, 300)
abeja 1 (160, 720, 400, 980) (240, 260)
abeja 2 (180, 740, 390, 970) (210, 230)
abeja 3 (150, 710, 410, 1000) (260, 290)
abeja 4 (170, 730, 400, 990) (230, 260)
abeja 5 (190, 750, 385, 960) (195, 210)
ojos 0 (820, 340, 1100, 520) (280, 180)
ojos 1 (830, 360, 1080, 510) (250, 150)
ojos 2 (800, 320, 1120, 530) (320, 210)
ojos 3 (840, 370, 1070, 500) (230, 130)
ojos 4 (810, 350, 1090, 515) (280, 165)
exported finals (178, 190) (166, 199) (189, 108)
done
